 ----- frequency (Hz) & wave number (cm-1) & energy (eV) of H2O vibration -----
    662195316116054.8750000000               3515.4872014619                  0.4358641652
    680381739300005.8750000000               3612.0359634171                  0.4478346669
    290159640896717.3750000000               1540.4103277807                  0.1909862341
     97740949373853.9062500000                518.8907988626                  0.0643341568
     77619502444238.8125000000                412.0693106484                  0.0510900014
     30325079909974.3398437500                160.9909156895                  0.0199602977
      3331620116557.0610351562i                17.6870291813i                 0.0021929086i
     16266163878527.2265625000                 86.3544177075                  0.0107065661
     14212794328399.1464843750                 75.4534128262                  0.0093550159
 ----------
zero point energy =    0.61507  (eV)
 ----- eigen vector -----
   -0.1941534901   -0.0021302754   -0.2718992010    0.0820463952    0.0018688935    0.0903561247   -0.0068304704   -0.0523544403   -0.5283755564
   -0.0024753611    0.2696699822   -0.0020273510   -0.0007479314   -0.1973406347   -0.0127053404   -0.5739859970   -0.7314534001    0.6798657181
    0.0036952426   -0.0000350638   -0.0091429160   -0.2729880354    0.0024361537    0.9604632883    0.0068275599    0.0052017805    0.0684044994
    0.3852880068   -0.4139464680    0.5445428051    0.0033482988   -0.1024199037    0.0076005894    0.3785662549   -0.4388525860    0.1581143125
    0.5796913604   -0.5404664540   -0.4077921411    0.0071328727    0.0345316963    0.0038922677   -0.4354691900    0.1413212956   -0.0513012505
    0.0043407289   -0.0040801255    0.0167112781    0.6747180413   -0.6900658075    0.1844711134    0.0044464564    0.1810326697   -0.0986841624
    0.3911048402    0.4223625117    0.5380844732    0.0032138244    0.1026974780    0.0368628135   -0.3776925785    0.4075553184   -0.4204618646
   -0.5699058077   -0.5342215783    0.4160473069   -0.0075115937    0.0367648403    0.0126589508   -0.4413930575    0.1477742640   -0.0556778307
    0.0046098794    0.0042967136    0.0158838204    0.6807143933    0.6791728259    0.1832020483   -0.0013013571   -0.1700975559    0.1914784135
 ----- atom position -----
    0.2784053180   -0.0011943770    5.8160955040
    0.8754205870    0.7794428230    5.8062152050
    0.8873840680   -0.7725611450    5.8065988630
surface position =   3.39029
